scissors
0 2
4 1.470000000 0 9 0 9 1 1.470000000 1
4 0 0 1.470000000 0 1.470000000 1 0 1
scissors
1 2
4 1.470000000 0 6 0 6 1 1.470000000 1
4 9 0 9 1 6 1 6 0
tape
2 4 3
4 3 2 3 1 6 1 6 2
4 6 1 1.470000000 1 1.470000000 0 6 0
6 1.470000000 0 6 0 6 2 3 2 3 1 1.470000000 1
scissors
5 4
4 1.470000000 0 3 0 3 1 1.470000000 1
4 3 0 4 0 4 2 3 2
4 4 2 4 0 5 0 5 2
4 5 0 6 0 6 2 5 2
tape
5 2 6 7 8 9
4 0 0 1.470000000 0 1.470000000 1 0 1
4 1.470000000 0 3 0 3 1 1.470000000 1
4 0 2 0 1 2 1 2 2
4 0 2 2 2 2 3 0 3
4 3 3 2 3 2 1 3 1
4 0 0 3 0 3 3 0 3
